30
41
42
13
24
95
76
47
68
264
124
3
13405079
197028
21545
107543
18321326
19306
13284034
1228169
264835035
1241538
799
1971988
40731515
97541
871321
8030741
40
28168
332
42244538
640799
555788
33545
3022
832871
8030336
62840041
9228177
64865005
242231038
40540099
70241088
407310
3090043
832870026
30046
2840041
28169
86503
92231538
40799
1788
9907315
97543
2871326
30746
341
169
2865035
3231538
3540799
9241788
44731
597543
8326
138030746
82840341
2328169
12865035
51538
54540799
4241788
254731545
54097543
8571326
54030746
63840341
548169
26455
2432315
2540799
932241788
21531545
52097543
62871326
926030746
372840341
728169
7265035
82231538
382540799
988241788
21871545
107609
18768
6030746
47840341
9478169
4765035
